112.429608667,21.852236167
112.429608667,21.852236167
112.429608667,21.852236167
112.429608833,21.852236167
112.429608833,21.852236167
112.429609000,21.852236167
112.429609000,21.852236000
112.429609000,21.852236000
112.429609167,21.852236000
112.429609167,21.852235833
112.429609333,21.852235833
112.429609333,21.852235833
112.429609500,21.852235833
112.429609500,21.852235833
112.429609667,21.852235667
112.429609667,21.852235667
112.429609833,21.852235667
112.429609833,21.852235667
112.429609667,21.852235500
112.429609667,21.852235500
112.429609667,21.852235500
112.429609667,21.852235667
112.429609833,21.852235667
112.429609833,21.852235667
112.429609833,21.852235500
112.429610000,21.852235500
112.429610000,21.852235500
112.429610000,21.852235500
112.429610000,21.852235500
112.429610000,21.852235333
112.429609833,21.852235333
112.429609833,21.852235333
112.429609833,21.852235333
112.429609833,21.852235333
112.429609833,21.852235333
112.429609833,21.852235333
112.429609833,21.852235333
112.429609833,21.852235333
112.429609833,21.852235333
112.429609833,21.852235333
112.429609833,21.852235333
112.429609833,21.852235333
112.429609833,21.852235333
112.429609833,21.852235167
112.429609833,21.852235333
112.429609833,21.852235333
112.429609833,21.852235333
112.429609833,21.852235333
112.429609667,21.852235333
112.429609333,21.852235500
112.429609167,21.852235667
112.429608833,21.852235833
112.429608500,21.852236000
112.429608167,21.852236333
112.429607667,21.852236667
112.429607167,21.852237167
112.429606667,21.852237667
112.429606167,21.852238167
112.429605500,21.852238500
112.429605000,21.852238833
112.429604167,21.852239000
112.429603500,21.852239333
112.429602500,21.852239500
112.429601500,21.852240000
112.429600667,21.852240500
112.429599833,21.852240833
112.429599167,21.852241333
112.429598500,21.852241667
112.429597833,21.852242000
112.429597167,21.852242500
112.429596667,21.852242833
112.429596000,21.852243167
112.429595333,21.852243500
112.429594667,21.852243667
112.429594000,21.852244000
112.429593167,21.852244333
112.429592500,21.852244667
112.429591500,21.852245167
112.429590667,21.852245500
112.429589833,21.852246000
112.429589000,21.852246333
112.429588000,21.852246833
112.429587000,21.852247167
112.429586167,21.852247500
112.429585333,21.852247667
112.429584500,21.852248167
112.429583833,21.852248667
112.429582833,21.852249167
112.429581833,21.852249500
112.429581167,21.852249833
112.429580333,21.852250167
112.429579667,21.852250500
112.429578833,21.852250833
112.429578000,21.852251167
112.429577333,21.852251667
112.429576333,21.852252000
112.429575500,21.852252333
112.429574833,21.852253000
112.429574000,21.852253500
112.429573167,21.852253833
112.429572333,21.852254333
112.429571667,21.852254833
112.429570667,21.852255667
112.429570000,21.852256333
112.429568833,21.852257000
112.429568000,21.852257667
112.429567167,21.852258167
112.429566333,21.852258500
112.429565500,21.852258833
112.429564833,21.852259333
112.429564167,21.852259667
112.429563500,21.852260167
112.429562500,21.852260500
112.429561500,21.852261000
112.429560500,21.852261667
112.429559500,21.852262167
112.429558500,21.852262667
112.429557500,21.852263167
112.429556667,21.852263667
112.429555833,21.852264000
112.429555000,21.852264500
112.429554167,21.852265000
112.429553333,21.852265333
112.429551500,21.852266333
112.429550667,21.852266833
112.429549833,21.852267500
112.429549000,21.852268000
112.429548333,21.852268500
112.429547500,21.852269000
112.429546500,21.852269500
112.429545667,21.852270167
112.429544833,21.852270667
112.429544167,21.852271333
112.429543333,21.852271833
112.429542500,21.852272167
112.429541667,21.852272667
112.429540833,21.852273167
112.429539833,21.852273833
112.429539000,21.852274333
112.429538000,21.852274833
112.429537167,21.852275333
112.429536167,21.852275833
112.429535500,21.852276333
112.429534667,21.852276667
112.429533833,21.852276833
112.429533167,21.852277167
112.429532333,21.852277667
112.429531500,21.852278167
112.429530500,21.852278833
112.429529000,21.852279833
112.429528000,21.852280333
112.429527167,21.852280833
112.429526333,21.852281333
112.429525500,21.852281667
112.429524500,21.852282167
112.429523833,21.852282667
112.429523000,21.852283000
112.429522000,21.852283667
112.429521000,21.852284167
112.429520000,21.852284667
112.429519333,21.852285167
112.429518333,21.852285667
112.429517333,21.852286167
112.429516500,21.852286500
112.429515667,21.852286833
112.429514833,21.852287167
112.429514000,21.852287500
112.429513000,21.852288000
112.429512000,21.852288333
112.429511167,21.852288833
112.429510167,21.852289167
112.429509500,21.852289667
112.429508500,21.852290000
112.429507667,21.852290500
112.429506667,21.852291000
112.429505833,21.852291333
112.429504833,21.852291833
112.429503167,21.852292500
112.429502167,21.852293000
112.429501167,21.852293500
112.429499833,21.852294333
112.429498833,21.852295000
112.429497667,21.852295667
112.429496667,21.852296167
112.429495333,21.852296667
112.429494333,21.852297000
112.429493667,21.852297333
112.429492833,21.852297833
112.429492000,21.852298167
112.429490833,21.852298667
112.429490000,21.852299333
112.429489167,21.852300000
112.429488000,21.852300500
112.429487167,21.852301000
112.429486000,21.852301500
112.429485167,21.852301833
112.429484333,21.852302333
112.429483333,21.852302833
112.429482500,21.852303333
112.429481500,21.852303833
112.429480167,21.852304333
112.429479000,21.852304833
112.429477000,21.852306167
112.429476000,21.852306667
112.429474833,21.852307000
112.429473833,21.852307500
112.429473167,21.852308167
112.429472667,21.852308500
112.429472000,21.852308667
112.429471333,21.852309000
112.429470333,21.852309333
112.429469500,21.852309833
112.429468500,21.852310333
112.429467667,21.852310833
112.429466667,21.852311167
112.429465667,21.852311500
112.429464667,21.852311833
112.429463833,21.852312333
112.429462833,21.852312667
112.429462000,21.852313000
112.429461333,21.852313333
112.429460500,21.852313667
112.429459500,21.852314000
112.429458667,21.852314500
112.429457833,21.852314833
112.429457000,21.852315167
112.429455500,21.852315667
112.429454667,21.852315833
112.429454000,21.852316167
112.429453500,21.852316333
112.429452833,21.852316667
112.429452167,21.852317000
112.429451167,21.852317500
112.429450333,21.852317833
112.429449500,21.852318333
112.429448500,21.852318833
112.429447500,21.852319500
112.429446167,21.852320167
112.429445000,21.852320833
112.429444167,21.852321500
112.429443167,21.852322333
112.429442167,21.852322833
112.429441000,21.852323167
112.429439833,21.852324000
112.429438667,21.852324833
112.429437667,21.852325500
112.429436833,21.852326167
112.429435667,21.852326667
112.429434500,21.852327000
112.429433500,21.852327167
112.429432833,21.852327333
112.429432000,21.852327500
112.429430333,21.852328333
112.429429333,21.852328833
112.429428333,21.852329333
112.429427333,21.852330000
112.429426333,21.852330667
112.429425333,21.852331333
112.429424167,21.852332000
112.429423167,21.852332500
112.429422000,21.852333000
112.429421167,21.852333500
112.429420167,21.852334167
112.429419333,21.852334667
112.429418167,21.852335333
112.429417333,21.852336000
112.429416167,21.852336667
112.429415333,21.852337333
112.429414333,21.852338000
112.429413500,21.852338667
112.429412500,21.852339333
112.429411667,21.852339833
112.429410833,21.852340333
112.429410000,21.852340500
112.429409167,21.852341000
112.429408333,21.852341333
112.429407667,21.852342000
112.429405667,21.852343000
112.429404833,21.852343667
112.429404000,21.852344167
112.429403167,21.852344500
112.429402333,21.852344833
112.429401500,21.852345167
112.429400833,21.852345500
112.429400000,21.852346000
112.429398833,21.852346667
112.429397667,21.852347500
112.429396500,21.852348333
112.429395500,21.852348833
112.429394667,21.852349500
112.429393833,21.852350000
112.429393000,21.852350500
112.429392167,21.852351000
112.429391500,21.852351500
112.429390833,21.852352000
112.429390000,21.852352333
112.429389500,21.852352833
112.429388333,21.852353500
112.429387500,21.852354000
112.429386667,21.852354500
112.429385833,21.852355167
112.429385000,21.852355833
112.429383167,21.852357167
112.429382333,21.852357833
112.429381500,21.852358500
112.429380667,21.852358833
112.429379667,21.852359333
112.429378667,21.852359667
112.429377500,21.852360167
112.429376500,21.852360667
112.429375500,21.852361167
112.429374500,21.852361667
112.429373333,21.852362167
112.429372167,21.852362500
112.429371500,21.852362833
112.429370667,21.852363000
112.429369833,21.852363333
112.429368667,21.852363667
112.429367500,21.852364000
112.429366167,21.852364667
112.429365167,21.852365167
112.429364167,21.852365833
112.429362833,21.852366500
112.429361833,21.852367000
112.429360833,21.852367667
112.429359833,21.852368167
112.429358667,21.852368667
112.429356833,21.852370000
112.429355833,21.852370833
112.429354833,21.852371500
112.429353833,21.852372167
112.429352667,21.852372833
112.429351667,21.852373500
112.429350833,21.852374000
112.429349833,21.852374500
112.429349333,21.852375000
112.429348667,21.852375333
112.429347833,21.852375500
112.429347000,21.852375667
112.429346500,21.852376000
112.429345667,21.852376333
112.429345000,21.852376667
112.429344333,21.852376833
112.429344000,21.852377000
112.429343500,21.852376833
112.429343000,21.852377167
112.429342833,21.852377000
112.429342333,21.852377167
112.429341833,21.852377167
112.429341333,21.852377333
112.429340833,21.852377333
112.429340333,21.852377500
112.429339500,21.852377667
112.429339000,21.852377833
112.429338667,21.852377833
112.429338333,21.852378167
112.429338000,21.852378333
112.429337500,21.852378333
112.429337333,21.852378167
112.429337167,21.852378167
112.429336833,21.852378167
112.429336667,21.852378000
112.429336500,21.852378167
112.429336167,21.852378167
112.429336000,21.852378000
112.429335667,21.852378000
112.429335167,21.852378000
112.429334500,21.852378000
112.429333667,21.852378000
112.429332833,21.852378167
112.429332167,21.852378333
112.429331833,21.852378333
112.429331667,21.852378333
112.429331667,21.852378333
112.429331667,21.852378333
112.429331667,21.852378167
112.429331667,21.852378000
112.429332000,21.852377667
112.429332167,21.852377333
112.429332333,21.852377167
112.429332333,21.852376833
112.429332167,21.852376500
112.429332000,21.852376167
112.429331667,21.852375833
112.429331167,21.852375667
112.429330667,21.852375167
112.429330167,21.852374833
112.429329500,21.852374333
112.429328833,21.852374000
112.429328167,21.852373667
112.429327500,21.852373333
112.429327000,21.852373000
112.429326667,21.852372667
112.429326500,21.852372500
112.429326333,21.852372000
112.429326167,21.852371500
112.429325667,21.852371167
112.429324833,21.852370833
112.429323833,21.852370500
112.429322167,21.852370333
112.429321667,21.852370167
112.429321500,21.852370167
112.429321500,21.852370000
112.429321500,21.852369667
112.429321500,21.852369500
112.429321500,21.852369333
112.429321167,21.852369167
112.429320500,21.852369333
112.429320000,21.852369500
112.429319167,21.852369833
112.429318167,21.852370000
112.429317333,21.852370667
112.429316500,21.852371167
112.429315833,21.852371667
112.429315000,21.852372000
112.429314333,21.852372667
112.429313833,21.852373167
112.429313333,21.852373667
112.429312833,21.852374500
112.429312000,21.852375333
112.429311333,21.852376167
112.429309500,21.852378000
112.429308667,21.852379000
112.429307833,21.852379833
112.429307000,21.852380833
112.429306333,21.852381667
112.429305500,21.852382167
112.429304667,21.852382500
112.429304000,21.852383000
112.429303500,21.852382667
112.429303167,21.852382500
112.429302667,21.852382500
112.429302500,21.852382333
112.429302333,21.852382500
112.429301667,21.852382833
112.429301333,21.852383167
112.429300667,21.852383833
112.429299833,21.852384667
112.429299167,21.852385333
112.429298500,21.852386167
112.429297667,21.852387000
112.429296833,21.852387833
112.429296000,21.852388500
112.429294667,21.852390333
112.429294000,21.852391167
112.429293500,21.852392000
112.429292833,21.852392667
112.429292333,21.852393500
112.429291833,21.852394000
112.429291500,21.852394667
112.429291167,21.852395333
112.429290833,21.852396000
112.429290333,21.852396833
112.429289833,21.852397333
112.429289500,21.852398000
112.429289167,21.852398500
112.429288833,21.852398833
112.429288500,21.852399000
112.429288167,21.852399167
112.429287833,21.852399500
112.429287667,21.852399667
112.429287333,21.852399833
112.429287000,21.852400167
112.429286333,21.852400167
112.429285667,21.852400333
112.429284167,21.852400500
112.429283500,21.852400833
112.429283000,21.852401000
112.429282333,21.852401000
112.429281833,21.852400833
112.429281167,21.852401000
112.429280500,21.852401000
112.429280000,21.852401167
112.429279500,21.852401167
112.429278667,21.852401333
112.429277667,21.852401500
112.429277000,21.852401667
112.429276333,21.852401667
112.429275500,21.852401833
112.429274667,21.852401833
112.429273833,21.852402000
112.429273000,21.852402167
112.429272333,21.852402167
112.429271500,21.852402167
112.429270833,21.852402167
112.429270000,21.852402167
112.429269000,21.852402167
112.429266333,21.852402500
112.429265167,21.852402667
112.429264000,21.852402667
112.429262667,21.852402667
112.429261333,21.852402500
112.429260000,21.852402667
112.429258833,21.852403000
112.429257667,21.852403500
112.429256500,21.852404000
112.429255000,21.852404167
112.429253500,21.852404667
112.429252000,21.852404833
112.429250667,21.852405333
112.429249500,21.852405667
112.429248667,21.852405833
112.429248000,21.852405667
112.429247167,21.852405333
112.429246500,21.852405000
112.429245833,21.852404667
112.429245333,21.852404500
112.429244833,21.852404500
112.429244167,21.852404500
112.429243333,21.852404667
112.429242833,21.852404667
112.429242500,21.852404833
112.429242167,21.852404667
112.429241667,21.852404667
112.429241333,21.852404833
112.429241000,21.852404667
112.429240833,21.852404500
112.429240667,21.852404500
112.429240333,21.852404333
112.429239833,21.852404167
112.429239500,21.852404000
112.429239000,21.852403833
112.429238333,21.852403500
112.429238000,21.852403333
112.429237667,21.852403333
112.429237500,21.852403333
112.429237167,21.852403167
112.429236833,21.852403167
112.429236667,21.852403000
112.429236667,21.852403167
112.429236667,21.852403333
112.429236500,21.852403833
112.429236333,21.852403833
112.429236000,21.852403833
112.429235667,21.852404000
112.429236000,21.852404167
112.429235667,21.852404167
112.429235833,21.852404500
112.429235833,21.852404833
112.429236000,21.852405500
112.429236333,21.852406333
112.429236333,21.852407333
112.429236333,21.852408500
112.429236167,21.852409500
112.429236000,21.852410667
112.429235667,21.852411667
112.429234667,21.852412167
112.429233500,21.852411667
112.429232500,21.852411167
112.429231833,21.852410667
112.429230833,21.852409500
112.429229833,21.852408000
112.429228500,21.852406000
112.429226333,21.852403000
112.429225500,21.852402167
112.429224833,21.852401667
112.429224333,21.852401667
112.429223667,21.852401500
112.429223333,21.852401833
112.429222667,21.852401667
112.429222333,21.852402000
112.429221833,21.852402333
112.429221500,21.852402833
112.429221333,21.852403000
112.429221000,21.852403333
112.429220667,21.852403500
112.429220000,21.852403667
112.429219500,21.852404000
112.429218833,21.852404167
112.429218000,21.852404500
112.429217000,21.852404667
112.429216000,21.852404833
112.429215167,21.852405167
112.429214500,21.852405500
112.429213833,21.852405833
112.429212000,21.852407000
112.429211000,21.852407667
112.429210000,21.852408167
112.429209167,21.852409000
112.429208333,21.852409833
112.429207500,21.852410500
112.429206667,21.852411000
112.429205500,21.852411500
112.429204667,21.852411833
112.429203833,21.852412000
112.429203000,21.852412167
112.429202333,21.852412167
112.429201667,21.852412333
112.429200667,21.852412167
112.429199833,21.852411833
112.429199333,21.852411833
112.429198833,21.852411667
112.429198333,21.852411500
112.429197667,21.852411333
112.429196833,21.852411167
112.429196167,21.852411000
112.429195667,21.852410833
112.429194333,21.852410500
112.429193833,21.852410167
112.429193333,21.852410000
112.429193000,21.852410000
112.429192667,21.852409667
112.429192333,21.852409333
112.429192000,21.852409167
112.429191667,21.852408667
112.429190833,21.852408333
112.429189833,21.852408167
112.429188667,21.852408167
112.429187500,21.852408000
112.429186167,21.852407833
112.429184667,21.852407667
112.429183333,21.852407500
112.429182000,21.852407333
112.429180833,21.852407167
112.429179833,21.852407000
112.429178833,21.852406833
112.429177667,21.852406500
112.429176333,21.852406167
112.429174167,21.852405833
112.429173333,21.852405500
112.429172667,21.852405167
112.429171833,21.852405000
112.429171000,21.852404667
112.429170500,21.852404500
112.429169667,21.852404167
112.429169167,21.852404000
112.429168500,21.852403667
112.429168000,21.852403333
112.429167167,21.852403000
112.429166333,21.852402333
112.429165667,21.852402000
112.429165167,21.852401500
112.429164667,21.852400833
112.429164000,21.852400500
112.429163333,21.852400000
112.429162667,21.852399667
112.429162000,21.852399333
112.429161667,21.852399000
112.429161500,21.852398667
112.429161000,21.852398000
112.429160667,21.852397500
112.429160333,21.852397167
112.429160000,21.852396667
112.429159500,21.852396167
112.429159000,21.852395667
112.429158500,21.852395167
112.429158000,21.852394667
112.429157500,21.852394167
112.429157167,21.852393667
112.429156833,21.852393000
112.429156333,21.852392333
112.429156167,21.852392000
112.429155833,21.852391333
112.429155500,21.852390833
112.429155167,21.852390167
112.429154833,21.852389500
112.429154500,21.852388667
112.429154000,21.852387833
112.429153667,21.852387333
112.429153167,21.852386667
112.429152500,21.852386167
112.429152000,21.852385667
112.429151667,21.852384833
112.429150500,21.852383333
112.429150167,21.852382500
112.429149667,21.852382000
112.429149333,21.852381333
112.429148833,21.852380667
112.429148333,21.852379833
112.429148000,21.852379167
112.429147833,21.852378167
112.429147667,21.852377500
112.429147333,21.852376833
112.429147000,21.852376167
112.429146667,21.852375333
112.429146167,21.852374667
112.429145667,21.852373833
112.429145333,21.852373000
112.429145000,21.852372333
112.429144667,21.852371667
112.429144333,21.852371000
112.429143833,21.852370333
112.429143500,21.852369333
112.429143000,21.852368333
112.429142500,21.852367333
112.429141167,21.852365667
112.429140667,21.852364833
112.429140167,21.852364000
112.429139833,21.852363000
112.429139333,21.852362167
112.429138833,21.852361667
112.429138667,21.852361000
112.429138167,21.852360333
112.429137833,21.852359500
112.429137500,21.852358500
112.429137000,21.852357667
112.429136333,21.852356667
112.429135667,21.852355833
112.429135000,21.852355167
112.429134667,21.852354333
112.429134167,21.852353500
112.429133667,21.852352833
112.429133000,21.852352000
112.429132667,21.852351333
112.429132167,21.852350833
112.429131667,21.852350333
112.429131333,21.852349833
112.429130667,21.852348833
112.429130333,21.852348333
112.429129833,21.852347667
112.429129500,21.852347000
112.429129000,21.852346333
112.429128667,21.852345667
112.429128333,21.852345000
112.429128000,21.852344333
112.429127500,21.852343667
112.429127167,21.852343167
112.429126833,21.852342500
112.429126667,21.852341833
112.429126333,21.852341333
112.429126000,21.852340500
112.429125833,21.852339500
112.429125333,21.852338833
112.429124833,21.852338000
112.429124500,21.852337167
112.429124000,21.852336333
112.429123667,21.852335500
112.429123167,21.852334667
112.429122833,21.852333833
112.429121833,21.852332500
112.429120833,21.852331500
112.429120667,21.852330500
112.429119833,21.852329000
112.429119000,21.852327667
112.429118167,21.852326333
112.429117333,21.852325000
112.429116500,21.852323833
112.429116000,21.852322833
112.429115667,21.852321833
112.429115333,21.852320833
112.429115333,21.852319667
112.429115333,21.852318500
112.429114833,21.852317667
112.429114500,21.852317000
112.429114333,21.852316167
112.429113833,21.852315333
112.429113833,21.852314500
112.429113333,21.852313833
112.429112833,21.852313000
112.429112667,21.852312500
112.429112333,21.852312000
112.429112167,21.852311167
112.429111500,21.852309333
112.429111167,21.852308000
112.429110667,21.852306667
112.429110167,21.852305833
112.429109667,21.852304667
112.429109333,21.852303500
112.429108833,21.852302500
112.429108500,21.852301833
112.429108000,21.852301000
112.429107500,21.852300167
112.429107333,21.852299167
112.429107000,21.852298167
112.429106500,21.852296833
112.429105833,21.852296167
112.429105333,21.852295167
112.429104833,21.852294167
112.429104500,21.852293167
112.429104167,21.852292500
112.429103667,21.852291667
112.429103167,21.852291000
112.429102833,21.852290333
112.429102167,21.852288833
112.429102000,21.852287833
112.429101500,21.852287167
112.429101000,21.852286333
112.429100500,21.852285333
112.429100000,21.852284333
112.429099500,21.852283167
112.429098833,21.852282167
112.429098167,21.852281000
112.429097500,21.852280000
112.429097000,21.852279000
112.429096667,21.852277833
112.429096167,21.852276833
112.429095833,21.852275833
112.429095333,21.852274833
112.429094833,21.852273833
112.429094333,21.852272833
112.429093833,21.852271667
112.429093333,21.852270667
112.429093000,21.852269500
112.429092500,21.852268500
112.429091833,21.852267500
112.429090833,21.852265500
112.429089833,21.852264333
112.429088833,21.852263167
112.429088167,21.852261833
112.429087167,21.852260667
112.429086333,21.852259333
112.429085500,21.852258167
112.429084500,21.852257333
112.429084167,21.852256500
112.429083667,21.852255500
112.429083500,21.852254500
112.429083833,21.852253333
112.429083500,21.852252500
112.429083667,21.852251333
112.429083667,21.852250833
112.429083833,21.852250000
112.429083667,21.852249333
112.429083667,21.852248667
112.429083500,21.852248167
112.429083500,21.852247500
112.429083333,21.852247167
112.429083167,21.852246000
112.429083000,21.852245167
112.429082667,21.852244333
112.429082167,21.852243333
112.429081833,21.852242500
112.429081500,21.852241500
112.429081000,21.852240500
112.429080500,21.852239500
112.429080000,21.852238667
112.429079833,21.852237667
112.429079500,21.852236833
112.429079333,21.852236000
112.429079167,21.852235167
112.429079000,21.852234167
112.429078667,21.852233333
112.429078167,21.852232500
112.429077833,21.852231667
112.429077500,21.852230667
112.429077333,21.852229667
112.429077000,21.852228833
112.429076667,21.852228167
112.429076333,21.852227333
112.429076167,21.852226333
112.429075667,21.852224167
112.429075167,21.852223167
112.429074667,21.852222000
112.429074333,21.852221000
112.429073833,21.852220000
112.429073500,21.852219167
112.429073167,21.852218500
112.429072833,21.852217833
112.429072333,21.852217167
112.429072000,21.852216500
112.429071667,21.852215667
112.429071500,21.852214833
112.429071000,21.852213667
112.429070333,21.852212667
112.429069667,21.852211667
112.429069167,21.852210833
112.429068667,21.852209833
112.429068167,21.852208833
112.429068000,21.852208000
112.429067667,21.852207000
112.429067333,21.852205833
112.429066833,21.852204833
112.429066167,21.852202500
112.429065667,21.852201333
112.429065000,21.852200333
112.429064500,21.852199333
112.429064167,21.852198167
112.429063667,21.852197167
112.429063333,21.852196167
112.429062833,21.852195167
112.429062500,21.852194167
112.429062167,21.852193333
112.429061833,21.852192167
112.429061667,21.852191167
112.429061333,21.852190167
112.429061000,21.852189333
112.429060667,21.852188667
112.429060500,21.852187667
112.429060333,21.852186833
112.429060167,21.852186333
112.429059833,21.852185833
112.429059500,21.852185167
112.429059167,21.852184500
112.429059000,21.852183667
112.429058833,21.852183000
112.429058167,21.852181167
112.429057667,21.852180333
112.429057333,21.852179500
112.429057000,21.852178500
112.429056667,21.852177500
112.429056167,21.852176667
112.429055667,21.852175667
112.429055333,21.852174833
112.429054833,21.852173833
112.429054333,21.852172667
112.429053833,21.852171333
112.429053333,21.852170167
112.429052667,21.852169000
112.429052000,21.852167833
112.429051500,21.852166500
112.429051000,21.852165500
112.429050500,21.852164667
112.429050000,21.852163500
112.429049667,21.852162667
112.429049000,21.852161000
112.429048667,21.852160333
112.429048167,21.852159500
112.429047833,21.852158667
112.429047333,21.852157833
112.429046833,21.852156833
112.429046500,21.852156000
112.429046000,21.852155167
112.429045500,21.852154167
112.429045167,21.852153333
112.429044667,21.852152500
112.429044333,21.852151500
112.429044000,21.852150333
112.429043333,21.852149333
112.429042833,21.852148500
112.429042500,21.852147500
112.429042000,21.852146500
112.429041667,21.852145667
112.429041167,21.852144833
112.429040833,21.852144000
112.429040500,21.852143333
112.429040000,21.852142500
112.429039667,21.852141667
112.429038833,21.852139667
112.429038333,21.852138500
112.429037833,21.852137500
112.429037333,21.852136500
112.429037000,21.852135500
112.429036667,21.852134500
112.429036333,21.852133667
112.429036000,21.852132833
112.429035667,21.852132000
112.429035333,21.852131167
112.429035167,21.852130333
112.429034833,21.852129333
112.429034333,21.852128333
112.429033833,21.852127500
112.429033500,21.852126500
112.429033167,21.852125667
112.429032833,21.852124833
112.429032500,21.852124167
112.429032167,21.852123333
112.429031833,21.852122667
112.429031500,21.852122000
112.429031000,21.852121167
112.429030333,21.852119167
112.429030000,21.852118333
112.429029500,21.852117500
112.429029333,21.852116667
112.429028833,21.852115667
112.429028333,21.852114833
112.429027833,21.852113833
112.429027333,21.852112667
112.429027000,21.852111833
112.429026500,21.852110833
112.429026167,21.852109833
112.429025667,21.852108667
112.429025167,21.852107667
112.429024667,21.852106667
112.429024167,21.852105500
112.429023833,21.852104500
112.429023333,21.852103500
112.429022833,21.852102333
112.429022333,21.852101500
112.429022000,21.852100500
112.429021500,21.852099667
112.429020833,21.852097500
112.429020333,21.852096333
112.429019833,21.852095500
112.429019500,21.852094333
112.429019000,21.852093333
112.429018500,21.852092333
112.429018167,21.852091500
112.429017667,21.852090667
112.429017333,21.852090000
112.429017000,21.852089167
112.429016833,21.852088167
112.429016500,21.852087167
112.429016000,21.852086167
112.429015500,21.852085333
112.429015167,21.852084333
112.429014667,21.852083500
112.429014000,21.852082667
112.429013333,21.852081833
112.429012833,21.852081000
112.429012167,21.852080000
112.429011500,21.852079000
112.429010667,21.852076667
112.429010167,21.852075333
112.429009500,21.852074167
112.429008833,21.852072833
112.429008500,21.852071500
112.429008000,21.852070167
112.429007500,21.852069167
112.429007000,21.852068000
112.429006333,21.852067000
112.429006000,21.852066000
112.429005833,21.852065000
112.429005500,21.852063833
112.429005000,21.852062667
112.429004667,21.852061833
112.429004333,21.852060833
112.429004000,21.852059833
112.429003833,21.852059000
112.429003500,21.852058333
112.429003167,21.852057500
112.429003000,21.852056833
112.429002667,21.852056000
112.429001833,21.852053833
112.429001500,21.852053000
112.429001000,21.852052000
112.429000667,21.852050833
112.429000167,21.852049833
112.428999833,21.852049000
112.428999500,21.852048167
112.428999000,21.852047500
112.428998667,21.852046667
112.428998333,21.852045833
112.428998000,21.852044833
112.428997667,21.852043833
112.428997167,21.852042833
112.428996667,21.852041833
112.428996333,21.852040667
112.428996167,21.852039667
112.428995667,21.852038667
112.428995333,21.852037833
112.428995000,21.852036833
112.428994667,21.852035833
112.428994167,21.852034667
112.428993833,21.852033333
112.428993000,21.852030500
112.428992500,21.852029167
112.428992167,21.852027833
112.428991667,21.852026500
112.428991333,21.852025500
112.428990833,21.852024667
112.428990667,21.852023667
112.428990500,21.852022833
112.428990333,21.852021833
112.428990000,21.852021000
112.428989667,21.852020167
112.428989667,21.852019500
112.428989333,21.852018667
112.428989333,21.852017833
112.428989000,21.852017000
112.428988833,21.852016167
112.428988500,21.852015500
112.428988333,21.852014833
112.428988000,21.852014333
112.428988000,21.852013667
112.428987833,21.852012333
112.428987333,21.852011500
112.428987167,21.852010667
112.428987000,21.852010000
112.428986833,21.852009333
112.428986667,21.852008833
112.428986667,21.852008333
112.428986667,21.852007833
112.428986833,21.852007667
112.428986833,21.852007333
112.428986833,21.852007000
112.428987000,21.852006500
112.428987167,21.852006167
112.428987000,21.852005667
112.428986833,21.852005000
112.428986667,21.852004333
112.428986333,21.852003500
112.428986167,21.852002833
112.428986167,21.852002000
112.428986167,21.852001333
112.428986167,21.852001000
112.428986167,21.852000833
112.428986000,21.852000500
112.428986000,21.852000167
112.428986167,21.852000500
112.428986167,21.852000500
112.428986333,21.852000500
112.428986500,21.852000500
112.428986667,21.852000167
112.428987167,21.852000000
112.428987500,21.851999833
112.428987833,21.851999667
112.428988333,21.851999333
112.428988667,21.851998833
112.428989167,21.851998167
112.428989500,21.851997500
112.428989833,21.851996833
112.428990167,21.851996167
112.428990333,21.851995667
112.428990500,21.851995167
112.428990833,21.851994000
112.428991000,21.851993667
112.428991167,21.851993167
112.428991167,21.851992667
112.428991333,21.851992167
112.428991167,21.851991667
112.428991167,21.851991333
112.428991000,21.851990833
112.428990833,21.851990333
112.428990500,21.851990000
112.428990333,21.851989667
112.428990000,21.851989000
112.428989833,21.851988500
112.428989500,21.851987833
112.428989000,21.851987167
112.428988500,21.851986333
112.428988000,21.851985667
112.428987333,21.851985000
112.428986667,21.851984333
112.428986000,21.851983833
112.428985333,21.851983333
112.428984500,21.851982833
112.428984000,21.851982500
112.428983333,21.851982167
112.428982667,21.851982000
112.428981333,21.851981667
112.428980833,21.851981333
112.428980167,21.851981167
112.428979667,21.851980833
112.428979000,21.851980500
112.428978167,21.851980167
112.428977667,21.851979667
112.428977167,21.851979333
112.428977000,21.851979167
112.428976667,21.851979000
112.428976333,21.851978833
112.428976167,21.851978667
112.428975833,21.851978333
112.428975667,21.851978167
112.428975500,21.851977833
112.428975167,21.851977500
112.428974833,21.851977167
112.428974500,21.851976833
112.428974167,21.851976500
112.428973833,21.851976167
112.428972833,21.851975667
112.428972500,21.851975167
112.428972167,21.851974833
112.428971833,21.851974167
112.428971167,21.851973833
112.428970667,21.851973333
112.428970000,21.851972833
112.428969333,21.851972333
112.428968667,21.851972000
112.428968167,21.851971500
112.428967667,21.851971000
112.428967167,21.851970500
112.428966667,21.851969833
112.428966000,21.851969500
112.428965333,21.851968667
112.428965000,21.851968167
112.428964500,21.851967333
112.428964000,21.851966500
112.428963667,21.851965833
112.428963167,21.851964833
112.428962833,21.851963833
112.428961500,21.851961333
112.428961000,21.851960500
112.428960500,21.851959667
112.428960000,21.851958833
112.428959667,21.851958000
112.428959500,21.851957500
112.428959167,21.851957000
112.428958833,21.851956500
112.428958667,21.851955833
112.428958667,21.851955167
112.428958667,21.851954167
112.428958500,21.851953333
112.428958000,21.851952500
112.428957833,21.851951833
112.428957333,21.851951000
112.428957167,21.851950333
112.428956833,21.851949500
112.428956667,21.851948667
112.428956333,21.851948167
112.428955833,21.851947000
112.428955500,21.851946500
112.428955333,21.851945833
112.428955333,21.851945167
112.428955167,21.851944333
112.428954833,21.851943500
112.428954500,21.851942667
112.428954333,21.851941833
112.428954167,21.851940833
112.428954000,21.851940000
112.428953833,21.851939167
112.428953667,21.851938500
112.428953500,21.851937667
112.428953333,21.851937000
112.428953000,21.851936167
112.428952833,21.851935333
112.428952500,21.851934500
112.428952167,21.851933500
112.428951833,21.851932500
112.428951333,21.851931667
112.428951000,21.851930833
112.428950667,21.851930167
112.428950333,21.851929500
112.428949833,21.851928500
112.428949667,21.851927833
112.428949500,21.851927500
112.428949333,21.851927000
112.428949333,21.851926667
112.428949167,21.851926167
112.428949000,21.851925500
112.428949000,21.851924667
112.428949000,21.851923833
112.428949167,21.851923000
112.428949000,21.851922333
112.428949167,21.851921500
112.428949000,21.851920833
112.428948833,21.851920000
112.428948833,21.851919500
112.428948833,21.851919000
112.428949000,21.851918500
112.428949167,21.851917833
112.428949500,21.851917167
112.428949833,21.851916500
112.428950000,21.851915500
112.428950333,21.851913833
112.428950500,21.851913000
112.428950667,21.851912167
112.428950667,21.851911167
112.428950333,21.851910333
112.428950000,21.851909667
112.428949833,21.851908833
112.428950000,21.851907667
112.428950167,21.851906500
112.428950333,21.851905333
112.428950500,21.851904333
112.428950667,21.851903167
112.428950833,21.851902000
112.428951000,21.851900833
112.428951500,21.851899833
112.428952333,21.851899000
112.428953167,21.851898167
112.428954167,21.851897500
112.428955000,21.851896667
112.428956000,21.851896000
112.428957000,21.851895333
112.428957833,21.851893500
112.428958000,21.851893000
112.428957833,21.851892167
112.428957833,21.851891667
112.428957833,21.851891167
112.428958000,21.851890500
112.428958333,21.851890000
112.428958500,21.851889667
112.428958667,21.851889333
112.428958833,21.851889000
112.428959000,21.851888667
112.428959333,21.851888167
112.428959333,21.851887833
112.428959667,21.851887333
112.428959833,21.851886833
112.428960000,21.851886333
112.428960167,21.851885833
112.428960333,21.851885500
112.428960667,21.851885000
112.428960833,21.851884833
112.428961000,21.851884167
112.428961833,21.851883000
112.428962500,21.851882500
112.428963000,21.851881500
112.428963500,21.851880833
112.428963667,21.851879833
112.428963833,21.851879167
112.428964333,21.851878500
112.428964833,21.851877833
112.428965333,21.851877000
112.428965833,21.851876500
112.428966167,21.851875833
112.428966500,21.851875333
112.428967000,21.851874833
112.428967500,21.851874167
112.428968167,21.851873667
112.428968833,21.851873167
112.428969333,21.851872667
112.428969833,21.851872167
112.428970500,21.851871500
112.428971500,21.851870500
112.428971833,21.851870000
112.428972167,21.851869667
112.428972667,21.851869167
112.428973167,21.851868833
112.428973667,21.851868500
112.428974333,21.851868167
112.428975000,21.851867833
112.428975667,21.851867500
112.428976333,21.851867167
112.428977000,21.851866667
112.428977667,21.851866333
112.428978167,21.851866167
112.428978667,21.851866167
112.428979167,21.851866167
112.428979500,21.851866167
112.428979833,21.851866167
112.428980333,21.851866167
112.428980833,21.851866167
112.428981500,21.851866333
112.428982167,21.851866167
112.428983167,21.851865667
112.428983833,21.851865333
112.428984500,21.851865167
112.428985000,21.851865000
112.428985667,21.851864667
112.428986500,21.851864333
112.428987167,21.851864000
112.428987833,21.851863667
112.428988500,21.851863333
112.428989500,21.851863000
112.428990333,21.851862667
112.428991000,21.851862333
112.428991500,21.851862167
112.428992167,21.851861833
112.428992833,21.851861500
112.428993667,21.851861167
112.428994500,21.851860833
112.428995167,21.851860667
112.428996333,21.851860333
112.428997333,21.851860000
112.428998167,21.851859833
112.428999167,21.851859667
112.429000167,21.851859333
112.429001167,21.851859333
112.429003000,21.851859000
112.429003833,21.851858833
112.429004667,21.851858667
112.429005333,21.851858500
112.429006167,21.851858333
112.429006833,21.851858167
112.429007500,21.851858000
112.429008167,21.851857833
112.429009000,21.851857500
112.429009833,21.851857167
112.429010833,21.851856833
112.429012000,21.851856333
112.429013167,21.851856000
112.429014500,21.851855667
112.429015667,21.851855333
112.429016667,21.851855000
112.429017667,21.851854500
112.429018667,21.851854167
112.429019500,21.851853833
112.429020333,21.851853500
112.429021167,21.851853333
112.429022667,21.851852667
112.429023500,21.851852167
112.429024500,21.851851667
112.429025333,21.851851167
112.429026333,21.851850833
112.429027167,21.851850333
112.429028167,21.851849833
112.429029000,21.851849333
112.429029833,21.851848833
112.429030833,21.851848333
112.429031833,21.851848000
112.429032833,21.851847500
112.429033833,21.851847167
112.429034500,21.851846667
112.429035333,21.851846333
112.429036167,21.851846000
112.429037000,21.851845500
112.429037667,21.851845167
112.429038667,21.851844667
112.429039500,21.851844167
112.429040333,21.851843667
112.429041833,21.851842500
112.429042500,21.851842167
112.429043500,21.851841667
112.429044333,21.851841333
112.429045167,21.851840833
112.429046000,21.851840500
112.429046833,21.851840000
112.429047500,21.851839667
112.429048333,21.851839333
112.429049333,21.851839000
112.429050167,21.851838667
112.429051167,21.851838500
112.429052167,21.851838167
112.429053000,21.851837667
112.429054000,21.851837167
112.429054833,21.851836500
112.429055833,21.851836000
112.429056833,21.851835333
112.429057667,21.851835000
112.429059167,21.851834167
112.429059667,21.851833500
112.429060333,21.851833167
112.429060833,21.851832833
112.429061500,21.851832667
112.429062167,21.851832500
112.429062833,21.851832333
112.429063500,21.851832167
112.429064000,21.851831833
112.429064667,21.851831667
112.429065333,21.851831500
112.429066167,21.851831167
112.429066833,21.851831000
112.429067500,21.851830833
112.429068167,21.851830500
112.429068833,21.851830333
112.429069333,21.851830000
112.429070000,21.851830000
112.429070500,21.851829833
112.429071167,21.851829667
112.429071833,21.851829500
112.429072333,21.851829167
112.429073000,21.851828833
112.429073667,21.851828333
112.429075000,21.851827500
112.429075833,21.851827333
112.429076500,21.851827167
112.429077167,21.851826667
112.429077667,21.851826333
112.429078667,21.851825833
112.429079500,21.851825500
112.429080500,21.851825000
112.429081333,21.851824667
112.429082500,21.851824500
112.429083500,21.851824167
112.429084333,21.851823833
112.429085333,21.851823333
112.429086333,21.851822833
112.429087333,21.851822333
112.429088333,21.851821833
112.429089333,21.851821667
112.429090333,21.851821167
112.429091167,21.851820500
112.429092000,21.851820167
112.429092667,21.851819667
112.429094167,21.851818667
112.429095000,21.851818167
112.429096000,21.851817667
112.429097000,21.851817333
112.429098167,21.851816833
112.429099000,21.851816167
112.429100000,21.851815667
112.429100833,21.851815167
112.429101667,21.851814667
112.429102500,21.851814167
112.429103500,21.851813833
112.429104333,21.851813500
112.429105167,21.851813333
112.429105667,21.851813000
112.429106500,21.851812500
112.429107500,21.851812000
112.429108500,21.851811500
112.429109500,21.851811167
112.429110667,21.851810667
112.429113000,21.851809500
112.429114167,21.851808833
112.429115333,21.851808167
112.429116333,21.851807667
112.429117333,21.851807333
112.429118500,21.851807000
112.429119500,21.851806500
112.429120500,21.851806167
112.429121500,21.851805500
112.429122500,21.851804833
112.429123500,21.851804000
112.429124333,21.851803333
112.429125167,21.851802500
112.429126000,21.851801833
112.429127000,21.851801000
112.429127667,21.851800167
112.429128333,21.851799667
112.429129167,21.851799167
112.429130000,21.851798667
112.429130500,21.851798167
112.429131167,21.851797833
112.429131667,21.851797333
112.429132667,21.851796667
112.429133167,21.851796333
112.429133667,21.851796000
112.429134167,21.851795500
112.429135000,21.851795167
112.429135833,21.851794500
112.429136667,21.851794167
112.429137167,21.851793833
112.429137667,21.851793333
112.429138167,21.851792833
112.429138667,21.851792333
112.429139333,21.851791833
112.429139833,21.851791333
112.429140333,21.851790833
112.429140833,21.851790500
112.429141167,21.851790167
112.429141667,21.851789833
112.429142167,21.851789667
112.429142833,21.851789500
112.429143500,21.851789167
112.429144333,21.851788667
112.429145333,21.851788167
112.429147500,21.851786500
112.429148500,21.851785667
112.429149500,21.851784833
112.429150500,21.851783833
112.429151333,21.851783167
112.429152000,21.851782333
112.429152500,21.851781667
112.429153000,21.851781167
112.429153667,21.851780667
112.429154167,21.851780333
112.429154833,21.851780000
112.429155667,21.851779500
112.429156333,21.851779167
112.429157333,21.851778833
112.429158000,21.851778333
112.429158667,21.851777667
112.429159333,21.851777333
112.429160167,21.851776667
112.429160833,21.851776000
112.429161333,21.851775667
112.429162500,21.851774667
112.429163167,21.851774500
112.429163833,21.851774167
112.429164333,21.851774000
112.429164833,21.851773833
112.429165333,21.851773667
112.429165667,21.851773500
112.429166500,21.851773500
112.429167167,21.851773333
112.429167833,21.851773167
112.429168500,21.851772833
112.429169000,21.851772833
112.429169833,21.851772667
112.429170500,21.851772333
112.429171167,21.851772000
112.429171500,21.851771833
112.429171833,21.851771500
112.429172167,21.851771333
112.429172500,21.851771333
112.429172833,21.851771000
112.429173500,21.851770667
112.429174000,21.851770333
112.429174833,21.851769833
112.429175000,21.851769667
112.429175167,21.851769500
112.429175500,21.851769500
112.429175833,21.851769333
112.429176333,21.851768833
112.429176833,21.851768500
112.429177333,21.851768167
112.429177667,21.851767833
112.429178167,21.851767667
112.429178667,21.851767500
112.429179000,21.851767333
112.429179500,21.851767000
112.429179833,21.851766833
112.429180167,21.851766667
112.429180667,21.851766500
112.429181000,21.851766500
112.429181500,21.851766333
112.429182167,21.851766167
112.429182667,21.851765833
112.429184667,21.851764667
112.429185667,21.851764000
112.429186667,21.851763667
112.429187333,21.851763167
112.429188167,21.851762667
112.429189167,21.851762167
112.429190000,21.851761667
112.429191000,21.851761000
112.429191833,21.851760500
112.429192667,21.851760000
112.429193500,21.851759500
112.429194167,21.851759000
112.429194833,21.851758667
112.429195667,21.851758333
112.429196333,21.851758000
112.429197000,21.851757667
112.429198000,21.851757000
112.429198833,21.851756500
112.429199500,21.851756167
112.429200333,21.851755833
112.429201167,21.851755500
112.429201833,21.851755000
112.429203333,21.851753833
112.429204000,21.851753333
112.429204833,21.851752833
112.429205667,21.851752500
112.429206500,21.851752000
112.429207333,21.851751667
112.429208000,21.851751333
112.429208667,21.851751167
112.429209333,21.851751000
112.429210000,21.851750500
112.429210833,21.851750167
112.429211500,21.851749667
112.429212167,21.851749167
112.429212667,21.851748833
112.429213000,21.851748667
112.429213333,21.851748333
112.429213667,21.851748000
112.429214000,21.851748000
112.429214167,21.851747833
112.429214667,21.851747667
112.429215333,21.851747500
112.429215833,21.851747333
112.429216333,21.851747167
112.429217000,21.851747000
112.429217667,21.851746833
112.429218500,21.851746667
112.429219500,21.851746500
112.429220167,21.851746167
112.429221167,21.851745667
112.429221833,21.851745333
112.429222500,21.851745000
112.429223167,21.851744667
112.429223833,21.851744333
112.429224167,21.851744167
112.429224500,21.851743833
112.429225000,21.851743500
112.429225333,21.851743333
112.429225667,21.851743167
112.429226000,21.851743167
112.429226833,21.851743000
112.429227333,21.851743000
112.429228000,21.851743000
112.429228500,21.851742833
112.429229000,21.851742500
112.429229667,21.851742500
112.429230000,21.851742333
112.429230500,21.851742333
112.429230833,21.851742500
112.429231167,21.851742667
112.429231333,21.851742667
112.429231667,21.851742833
112.429231667,21.851743167
112.429231833,21.851743500
112.429232000,21.851743833
112.429232000,21.851744167
112.429232000,21.851744833
112.429232333,21.851745333
112.429232667,21.851745667
112.429232833,21.851746167
112.429233000,21.851746500
112.429233167,21.851746667
112.429233667,21.851746833
112.429234167,21.851747167
112.429235333,21.851747833
112.429235833,21.851747833
112.429236500,21.851748000
112.429237333,21.851747833
112.429238167,21.851747667
112.429239000,21.851747500
112.429240000,21.851747167
112.429241000,21.851746833
112.429242333,21.851746333
112.429243333,21.851746000
112.429244500,21.851745500
112.429245667,21.851745000
112.429246833,21.851744500
112.429248000,21.851744000
112.429249333,21.851743333
112.429250500,21.851743000
112.429251333,21.851742500
112.429252000,21.851742333
112.429252667,21.851741833
112.429253500,21.851741000
112.429254167,21.851740167
112.429254500,21.851739333
112.429254833,21.851737333
112.429254667,21.851736667
112.429254833,21.851736000
112.429255000,21.851735167
112.429255167,21.851734333
112.429255333,21.851733500
112.429255667,21.851732833
112.429255833,21.851731833
112.429255833,21.851731000
112.429256000,21.851730000
112.429256167,21.851729167
112.429256167,21.851728167
112.429256167,21.851727167
112.429256333,21.851726167
112.429256333,21.851725500
112.429256500,21.851724833
112.429256667,21.851724167
112.429256833,21.851723500
112.429257333,21.851723000
112.429257833,21.851722333
112.429258667,21.851721667
112.429259000,21.851721333
112.429259167,21.851721000
112.429259333,21.851720833
112.429259500,21.851720667
112.429259667,21.851720500
112.429260000,21.851720500
112.429260167,21.851720500
112.429260500,21.851720333
112.429260500,21.851720167
112.429260500,21.851720000
112.429260833,21.851719667
112.429261333,21.851719500
112.429261833,21.851719500
112.429262333,21.851719167
112.429262667,21.851719000
112.429263000,21.851718833
112.429263500,21.851718667
112.429264000,21.851718500
112.429264500,21.851717833
112.429266000,21.851716833
112.429266500,21.851716333
112.429267167,21.851715833
112.429267833,21.851715500
112.429268667,21.851715000
112.429269500,21.851714333
112.429270333,21.851713833
112.429271000,21.851713500
112.429271500,21.851713000
112.429272167,21.851712667
112.429272833,21.851712333
112.429273667,21.851712167
112.429274333,21.851711667
112.429275167,21.851711333
112.429275667,21.851710833
112.429276833,21.851710000
112.429277167,21.851709667
112.429277500,21.851709500
112.429278000,21.851709333
112.429278500,21.851709000
112.429278833,21.851708833
112.429279333,21.851708833
112.429279833,21.851708500
112.429280167,21.851708333
112.429280667,21.851708000
112.429281333,21.851707667
112.429282167,21.851707333
112.429283333,21.851707167
112.429284500,21.851706833
112.429285833,21.851706500
112.429287167,21.851705667
112.429288500,21.851705000
112.429289667,21.851704333
112.429290667,21.851703833
112.429291667,21.851703667
112.429292833,21.851703333
112.429293667,21.851702833
112.429294667,21.851702333
112.429295500,21.851701667
112.429296167,21.851701000
112.429297500,21.851699667
112.429298167,21.851699167
112.429298833,21.851698500
112.429299333,21.851698167
112.429300000,21.851697833
112.429300500,21.851697667
112.429301167,21.851697667
112.429301833,21.851697333
112.429302333,21.851696833
112.429303167,21.851696000
112.429303333,21.851695500
112.429303667,21.851694833
112.429304333,21.851694333
112.429304833,21.851694000
112.429305167,21.851693500
112.429305333,21.851693333
112.429305500,21.851693333
112.429305500,21.851693333
112.429305333,21.851693333
112.429305000,21.851693333
112.429304500,21.851693167
112.429304333,21.851692833
112.429304167,21.851692000
112.429304167,21.851691333
112.429304333,21.851690667
112.429304000,21.851690000
112.429303833,21.851689667
112.429303667,21.851689167
112.429303667,21.851689000
112.429304000,21.851689000
112.429304000,21.851689333
112.429304167,21.851689333
112.429304000,21.851689667
112.429303833,21.851689833
112.429303500,21.851690000
112.429303333,21.851690167
112.429303167,21.851690333
112.429303000,21.851690333
112.429302833,21.851690500
112.429302833,21.851690333
112.429303000,21.851690167
112.429303000,21.851689833
112.429302667,21.851689500
112.429302667,21.851689000
112.429303000,21.851688667
112.429303167,21.851688500
112.429303333,21.851688167
112.429303500,21.851688000
112.429303667,21.851688000
112.429303667,21.851688000
112.429303500,21.851688000
112.429303500,21.851688000
112.429303167,21.851688000
112.429303000,21.851688167
112.429302667,21.851688167
112.429302500,21.851688333
112.429302167,21.851688500
112.429301833,21.851688833
112.429301500,21.851689167
112.429301167,21.851689333
112.429300667,21.851689667
112.429300333,21.851689833
112.429299833,21.851690333
112.429299833,21.851690500
112.429299833,21.851690667
112.429300000,21.851690833
112.429300000,21.851691000
112.429300167,21.851690833
112.429300333,21.851691000
112.429300333,21.851691167
112.429300333,21.851691167
112.429300167,21.851691333
112.429300167,21.851691500
112.429299833,21.851691500
112.429299500,21.851692000
112.429299667,21.851691833
112.429299667,21.851692000
112.429299667,21.851691500
112.429299833,21.851691500
112.429300000,21.851691500
112.429299833,21.851691500
112.429299667,21.851691667
112.429299833,21.851691833
112.429299500,21.851691833
112.429299500,21.851691667
112.429299500,21.851691667
112.429299500,21.851691167
112.429299833,21.851691000
112.429300000,21.851690833
112.429299833,21.851690667
112.429299833,21.851690500
112.429299833,21.851690500
112.429299833,21.851690500
112.429299833,21.851690333
112.429299833,21.851690500
112.429299667,21.851690500
112.429299667,21.851690667
112.429299667,21.851690833
112.429299667,21.851691000
112.429299667,21.851691000
112.429299833,21.851691167
112.429299833,21.851691333
112.429299833,21.851691500
112.429300000,21.851691667
112.429300000,21.851691667
112.429300000,21.851691667
112.429300000,21.851691667
112.429300000,21.851692000
112.429299833,21.851692167
112.429299833,21.851692333
112.429299833,21.851692333
112.429299833,21.851692500
112.429299667,21.851692500
112.429299667,21.851692500
112.429299667,21.851692667
112.429299667,21.851692667
112.429299667,21.851692667
112.429299667,21.851692667
112.429299667,21.851692667
112.429299667,21.851692667
112.429299500,21.851692667
112.429299667,21.851692667
112.429299500,21.851692667
112.429299500,21.851692667
112.429299500,21.851692667
112.429299500,21.851692500
112.429299500,21.851692500
112.429299500,21.851692500
112.429299500,21.851692333
112.429299333,21.851692167
112.429299333,21.851691833
112.429299333,21.851691500
112.429299333,21.851691333
112.429299333,21.851691167
112.429299333,21.851691167
112.429299500,21.851691167
112.429299500,21.851691167
112.429299500,21.851691167
112.429299500,21.851691333
112.429299500,21.851691500
112.429299500,21.851691667
112.429299500,21.851692167
112.429299333,21.851692833
112.429299167,21.851693667
112.429299167,21.851694667
112.429298833,21.851695333
112.429298500,21.851695833
112.429298500,21.851696500
112.429298167,21.851696833
112.429298000,21.851697000
112.429297833,21.851697167
112.429297833,21.851697333
112.429297833,21.851698000
112.429297667,21.851698167
112.429297667,21.851698500
112.429297500,21.851698833
112.429297333,21.851699167
112.429297333,21.851699500
112.429297000,21.851699667
112.429296667,21.851699833
112.429296500,21.851699833
112.429296333,21.851699500
112.429296333,21.851699167
112.429296667,21.851698667
112.429297000,21.851698000
112.429297333,21.851697500
112.429297667,21.851696833
112.429297833,21.851696167
112.429298167,21.851695667
112.429298667,21.851695000
112.429299167,21.851694333
112.429299333,21.851693667
112.429299500,21.851693167
112.429299667,21.851692667
112.429299500,21.851691667
112.429299500,21.851691333
112.429299500,21.851691167
112.429299333,21.851691167
112.429299167,21.851691333
112.429299000,21.851691833
112.429298833,21.851692167
112.429298500,21.851692500
112.429298500,21.851693000
112.429298500,21.851693167
112.429298333,21.851693333
112.429298333,21.851693333
112.429298333,21.851693333